1   38  617695
2   38  617709
3   38  617723
4   38  617727
5   38  617728
6   38  617730
7   38  617731
8   38  617733
9   38  617734
10  38  617736
11  38  617737
12  38  617739
13  38  617740
14  38  617742
15  38  617743
16  38  617745
17  38  617746
18  38  617747
19  38  617749
20  38  617750
21  38  617752
22  38  617753
23  38  617755
24  38  617756
25  38  617757
26  38  617759
27  38  617760
28  38  617761
29  38  617763
30  38  617764
31  38  617769
32  38  617771
33  38  617772
34  38  617773
35  38  617775
36  38  617776
37  38  617777
38  38  617779
39  38  617780
40  38  617781
41  38  617783
42  38  617784
43  38  617785
44  38  617787
45  38  617788
46  38  617790
47  38  617793
48  38  617794
49  38  617795
50  38  617797
51  38  617798
52  38  617799
53  38  617801
54  38  617802
55  38  617804
56  38  617805
57  38  617806
58  38  617808
59  38  617809
60  38  617810
61  38  617812
62  38  617813
63  38  617816
64  38  617817
65  38  617819
66  38  617820
67  38  617821
68  38  617823
69  38  617824
70  38  617825
71  38  617827
72  38  617828
73  38  617829
74  38  617831
75  38  617832
76  38  617833
77  38  617835
78  38  617837
79  38  617839
80  38  617840
81  38  617842
82  38  617843
83  38  617844
84  38  617846
85  38  617847
86  38  617848
87  38  617850
88  38  617851
89  38  617852
90  38  617854
91  38  617855
92  38  617856
93  38  617858
94  38  617861
95  38  617862
96  38  617863
97  38  617865
98  38  617866
99  38  617867
100 38  617869
101 38  617870
102 38  617872
103 38  617873
104 38  617874
105 38  617876
106 38  617877
107 38  617879
108 38  617880
109 38  617881
110 38  617883
111 38  617884
112 38  617885
113 38  617888
114 38  617890
115 38  617891
116 38  617892
117 38  617894
118 38  617895
119 38  617896
120 38  617898
121 38  617899
122 38  617900
123 38  617902
124 38  617903
125 38  617904
126 38  617906
127 38  617907
128 38  617909
129 38  617910
130 38  617911
131 38  617913
132 38  617914
133 38  617915
134 38  617918
135 38  617919
136 38  617920
137 38  617922
138 38  617923
139 38  617924
140 38  617926
141 38  617927
142 38  617928
143 38  617930
144 38  617931
145 38  617932
146 38  617934
147 38  617935
148 38  617936
149 38  617938
150 38  617939
151 38  617940
152 38  617942
153 38  617943
154 38  617944
155 38  617947
156 38  617948
157 38  617950
158 38  617951
159 38  617952
160 38  617954
161 38  617955
162 38  617956
163 38  617958
164 38  617959
165 38  617960
166 38  617962
167 38  617963
168 38  617964
169 38  617966
170 38  617967
171 38  617968
172 38  617970
173 38  617971
174 38  617972
175 38  617974
176 38  617976
177 38  617978
178 38  617979
179 38  617980
180 38  617982
181 38  617983
182 38  617984
183 38  617986
184 38  617987
185 38  617988
186 38  617990
187 38  617991
188 38  617993
189 38  617994
190 38  617995
191 38  617996
192 38  617998
193 38  617999
194 38  618001
195 38  618002
196 38  618003
197 38  618006
198 38  618007
199 38  618008
200 38  618010
201 38  618011
202 38  618012
203 38  618014
204 38  618015
205 38  618017
206 38  618018
207 38  618019
208 38  618021
209 38  618022
210 38  618023
211 38  618025
212 38  618026
213 38  618027
214 38  618028
215 38  618030
216 38  618031
217 38  618032
218 38  618035
219 38  618036
220 38  618038
221 38  618039
222 38  618040
223 38  618042
224 38  618043
225 38  618044
226 38  618046
227 38  618047
228 38  618048
229 38  618050
230 38  618051
231 38  618052
232 38  618054
233 38  618055
234 38  618056
235 38  618058
236 38  618059
237 38  618060
238 38  618062
239 38  618064
240 38  618066
241 38  618067
242 38  618068
243 38  618070
244 38  618071
245 38  618072
246 38  618073
247 38  618075
248 38  618076
249 38  618078
250 38  618079
251 38  618080
252 38  618082
253 38  618083
254 38  618084
255 38  618085
256 38  618087
257 38  618088
258 38  618090
259 38  618091
260 38  618094
261 38  618096
262 38  618097
263 38  618098
264 38  618100
265 38  618101
266 38  618102
267 38  618104
268 38  618105
269 38  618106
270 38  618108
271 38  618109
272 38  618111
273 38  618112
274 38  618113
275 38  618115
276 38  618116
277 38  618117
278 38  618119
279 38  618120
280 38  618121
281 38  618125
282 38  618127
283 38  618128
284 38  618129
285 38  618131
286 38  618132
287 38  618133
288 38  618135
289 38  618136
290 38  618137
291 38  618139
292 38  618140
293 38  618141
294 38  618143
295 38  618144
296 38  618145
297 38  618147
298 38  618148
299 38  618149
300 38  618151
